times: [2.8269925117492676, 2.8104805946350098, 2.751964807510376, 2.813859462738037, 2.745314598083496]
memory: [1431748, 1441376, 1429044, 1436252, 1444732]
precision: [-5.270410254117385e-05, -0.0008183066879560738, 0.0010956997755811762, -5.270410254117385e-05, 0.0010956997755811762]
comm: [157.89613094329835, 157.8962730407715, 157.89617195129395, 157.89613666534424, 157.89630451202393]
