times: [18.255220413208008, 18.316322565078735, 18.172567129135132, 18.44507074356079, 18.474014043807983]
memory: [12208716, 12301456, 12048652, 12002636, 12171796]
precision: [0.002623268945643733, 0.003499144235394078, 0.003499144235394078, 0.002623268945643733, 0.003499144235394078]
comm: [158.54017009735108, 158.54106559753419, 158.54250659942628, 158.5420307159424, 158.5424036026001]
