times: [24.000253677368164, 24.14512586593628, 24.065903425216675, 24.52324366569519, 24.220741510391235]
memory: [14332252, 14203800, 14341576, 14278176, 14277904]
precision: [0.0029892852171829356, 0.00047113224517643496, 0.0008908244071806246, 0.0008908244071806246, 0.00047113224517643496]
comm: [157.9283489227295, 157.92857303619385, 157.92860355377198, 157.92857780456544, 157.92838230133057]
times: [183.484375, 188.88516402244568, 188.8061592578888, 188.18427920341492, 189.31529307365417]
memory: [99525848, 99005008, 98258704, 98907380, 99204752]
precision: [0.001183766861586045, 0.0007498657735159417, -0.0005518374906750993, -0.0005518374906750993, -0.00011793640260499591]
comm: [158.57074871063233, 158.56651153564454, 158.5696071624756, 158.57193031311036, 158.56994094848633]
times: [188.7995309829712, 187.88542556762695, 187.97774600982666, 189.0342674255371, 189.3692331314087]
memory: [98945848, 99208940, 98117500, 99452016, 98498924]
precision: [-0.00011793640260499591, -0.0005518374906750993, 0.0007498657735159417, 0.001183766861586045, 0.0007498657735159417]
comm: [158.568288230896, 158.56834926605225, 158.57204666137696, 158.56958713531495, 158.57001152038575]
