times: [219.57346749305725, 223.2840452194214, 224.05167484283447, 207.61058378219604, 204.48868942260742]
memory: [88913348, 88012936, 88482016, 89163184, 89018140]
precision: [0.0030141207006963294, 0.0025771859063494144, 0.0030141207006963294, 0.0038879902893707557, 0.0030141207006963294]
comm: [158.51792659759522, 158.51780071258545, 158.51910152435303, 158.51722564697266, 158.51921119689942]
