times: [23.825000524520874, 23.974112272262573, 23.70286750793457, 23.77174687385559, 23.76152753829956]
memory: [14522536, 14343416, 14294868, 14690996, 14442952]
precision: [0.0017727744008961433, 0.0026256352529321508, 0.0013463439748781394, 0.0004934831228610695, 0.0017727744008961433]
comm: [157.87596836090088, 157.87598266601563, 157.87596645355225, 157.8760160446167, 157.87602844238282]
times: [23.738041400909424, 23.750316619873047, 23.726431846618652, 23.595096111297607, 23.854024171829224]
memory: [14386484, 14550328, 14421340, 14313144, 14424728]
precision: [6.705269684306571e-05, 0.0017727744008961433, 0.0017727744008961433, 0.0013463439748781394, 0.0013463439748781394]
comm: [157.876056098938, 157.87609519958497, 157.87601318359376, 157.8759979248047, 157.8759931564331]
