times: [219.57346749305725, 223.2840452194214, 224.05167484283447, 207.61058378219604, 204.48868942260742]
memory: [88913348, 88012936, 88482016, 89163184, 89018140]
precision: [0.0030141207006963294, 0.0025771859063494144, 0.0030141207006963294, 0.0038879902893707557, 0.0030141207006963294]
comm: [158.51792659759522, 158.51780071258545, 158.51910152435303, 158.51722564697266, 158.51921119689942]
times: [201.95185160636902]
memory: [88722388]
precision: [0.0019700665082359034]
comm: [158.51781787872315]
times: [243.11795568466187, 251.61481285095215, 250.03221535682678, 249.47773027420044, 248.7819013595581]
memory: [123856008, 124096884, 124859620, 124979524, 124845736]
precision: [0.0030141207006963294, 0.0038879902893707557, 0.0030141207006963294, 0.0025771859063494144, 0.0038879902893707557]
comm: [160.11001434326172, 160.11029663085938, 160.11903038024903, 160.11151638031006, 160.11375846862794]
