times: [5.741870164871216, 5.845564126968384, 6.169952392578125, 5.7597572803497314, 5.7288618087768555]
memory: [541000, 523720, 555676, 559512, 554796]
precision: [0.27929272442319875, 0.2850986122356772, 0.3475524890465109, 0.4104542472753717, 0.48254951624738657]
times: [2.999166965484619, 2.789628267288208, 2.790639877319336, 2.82831072807312, 2.7692577838897705]
memory: [708932, 702300, 707548, 705284, 708912]
precision: [8.768936628675819, -4.441359443015607, -2.2880281344641444, -3.028892193266755, -0.34293656621948165]
times: [2.798297643661499, 2.7765557765960693, 2.738260269165039, 2.7487707138061523, 2.8244104385375977]
memory: [706068, 709376, 708852, 702628, 708044]
precision: [8.81616586733351, -4.399866329443322, -2.2456000094682587, -2.9867857634766017, -0.2996638508769851]
times: [12.96436595916748, 13.362562417984009, 12.949465990066528, 13.729676246643066, 14.109354257583618]
memory: [558788, 554472, 559936, 518280, 524140]
precision: [0.4947894427836657, 0.6231847842817707, 0.5415434622839965, 0.41057677242909074, 0.33391965240335486]
times: [12.828724145889282, 12.739872455596924, 12.848161697387695, 13.09935736656189, 12.771090269088745]
memory: [559048, 534864, 587308, 567856, 554520]
precision: [0.4947894427836657, 0.4904365193948503, 0.36706789879196344, 0.498195076768044, 0.5508109616389822]
comm: [447802264.0, 447802264.0, 447802264.0, 447802264.0, 447802264.0]
