times: [5.741870164871216, 5.845564126968384, 6.169952392578125, 5.7597572803497314, 5.7288618087768555]
memory: [541000, 523720, 555676, 559512, 554796]
precision: [0.27929272442319875, 0.2850986122356772, 0.3475524890465109, 0.4104542472753717, 0.48254951624738657]
