times: [1.2711913585662842, 1.2647454738616943, 1.2799866199493408, 1.1995418071746826, 1.3464419841766357]
memory: [237040, 237400, 237392, 239136, 239528]
precision: [0.38671939418861373, 0.5096514117850056, 0.40690899316115914, 0.5396055854522984, 0.5712960064069992]
