times: [13.469650030136108, 12.929134607315063, 14.502851247787476, 15.612504720687866, 12.403176307678223]
memory: [331352, 329996, 331012, 324924, 333204]
precision: [0.3547054962301722, 0.6307044664784254, 0.4884469749379168, 0.5286942827590347, 0.4781325331765055]
