times: [5.510412693023682, 5.0826945304870605, 5.137394905090332, 4.932100296020508, 4.9197399616241455]
memory: [272256, 274856, 271328, 273392, 275644]
precision: [0.38140903956275013, 0.4996578805198937, 0.6746047965353592, 0.48407621769407433, 0.7306692704661474]
