times: [0.9911670684814453, 0.9855902194976807, 0.9657557010650635, 0.9793903827667236, 1.0209145545959473]
memory: [232240, 233280, 232364, 231852, 232152]
precision: [0.5735120326659382, 0.25565855942436944, 0.5049010542919695, 0.34622748705872475, 0.46213161000096087]
comm: [0.0, 0.0, 0.0, 0.0, 0.0]
times: [1.0264930725097656, 1.007183313369751, 0.9982633590698242, 0.9773850440979004, 1.0405354499816895]
memory: [232448, 232244, 232988, 233252, 232204]
precision: [0.5276926649973027, 0.29393868869485945, 0.7967836323780172, 0.34622748705872475, 0.6895243931833936]
comm: [565144.0, 565144.0, 565144.0, 565144.0, 565144.0]
