times: [1.57088303565979, 1.619316577911377, 1.397773027420044, 1.3016574382781982, 1.401108741760254]
memory: [236760, 237644, 238684, 238812, 239860]
precision: [0.30883132730647594, 0.38061396121373486, 0.4889537607422306, 0.49804136323463877, 0.5236256806346867]
comm: [0.0, 0.0, 0.0, 0.0, 0.0]
times: [1.5181958675384521, 1.3943889141082764, 1.6007542610168457, 1.5405151844024658, 1.4422399997711182]
memory: [238032, 240004, 238764, 239660, 238524]
precision: [0.7072335700009807, 0.5511118193219536, 0.5324931687841612, 0.40794899087854414, 0.3866725121324748]
comm: [13440056.0, 13440056.0, 13440056.0, 13440056.0, 13440056.0]
