times: [11.839821338653564, 11.353166341781616, 11.697823286056519, 14.288631916046143, 13.806292533874512]
memory: [331748, 322172, 330288, 329120, 333452]
precision: [0.4449390932670181, 0.32022878139446104, 0.40536230765107595, 0.4128928606710571, 0.49145429953401204]
comm: [153131416.0, 153131416.0, 153131416.0, 153131416.0, 153131416.0]
