times: [18.33710265159607, 20.217774391174316, 18.728597164154053, 18.735984802246094, 18.506873846054077]
memory: [362268, 351596, 351092, 358712, 343768]
precision: [0.3493915697612523, 0.4502935652498512, 0.28894128459306667, 0.5385297937259231, 0.4492670276608045]
comm: [328010648.0, 328010648.0, 328010648.0, 328010648.0, 328010648.0]
